5
9
1
1
0.999999985098839
0
0
0
0
0
0
0
0
-2.28185161918559
0.979896679726523
-6.76717233435411e-12
23670.9979727614
63.9867444099797
0.26153503288729
0.0390098351335574
0.0560535368016471
-0.0238585630512723
-5.68509644564003e-07
-4.60637001490678e-09
0.000173338577843225
-8.81332068011375
-1.9981327579429
-4.79032210589261e-06
-1.11789100292469e-08
1.37094017154594e-08
-4.562702538363e-09
2.44879264636204e-07
1.98381293373207e-09
-5.6301746068229e-18
0.992525584436116
-8.09449999537055e-06
1.1883492155587e-06
4.37451977353001e-09
-5.89712905837745e-09
1.79004977755119e-09
3.96321157513202e-07
3.21110029166974e-09
-1.54917152839274e-13
4.98353627774713
0.999985816111472
3.00600086667393e-06
7.62774177719793e-09
-9.55454979787391e-09
3.12304539457787e-09
0.408553371651099
0.00330887370788727
5.08442476515106e-11
-4220.86669404879
-11.458957800873
0.937746618982516
0.00672162833801197
-0.00981693925123266
0.0025558429324451
28.4666065678606
0.230357359914394
-1.75161347751834e-10
-295394.244480775
-798.235540735915
-3.38078611063064
0.42523489042238
-0.679306049730316
0.0982930281164438
18.5892945158387
0.150437390363082
8.72668355585725e-11
-192837.150399626
-521.273436716012
-2.2037874884761
-0.318167278326338
0.543355598554455
0.0679675828872489
0.148069252038804
0.00119948885874131
2.98264412607114e-11
-1527.88866089877
-4.15325711704194
0.609566447761491
0.00258901808267677
-0.00356460283973308
0.368936715509051
0.151554444532957
-0.333596545659357
-1.91357276034008e-08
1.20128466603168e-08
1.45532325455753e-08
0.0302521222509681
4.32062960651707
2.71663457961365
0.00781156884004391
2314.6176620682
18.7610978226347
2.3762837070543e-06
-23812122.874917
-64933.897479323
-264.022439875197
-39.3670965897681
-56.0473171872081
23.9727213203907
0